113521
53382
72563
52058
119303
25720
98117
87060
11762
66534
59096
83600
15309
38557
100083
20686
44069
48275
94890
108636
28863
24443
63729
59508
57729
110922
7881
71186
87886
46741
33374
45415
120171
32027
18234
61212
71391
87677
53304
3120
45358
74893
62985
63749
43100
27659
45051
24350
113051
109603
92313
41489
108395
58318
11128
88847
19331
3298
89181
84532
8575
21148
55885
62378
36166
50733
112416
98522
50294
9481
28094
101749
4363
97258
67149
98386
57167
102652
97248
83230
12883
114860
59359
95415
42357
58600
42604
101233
91477
118491
96813
70674
97737
61319
34859
10823
115405
42003
64496
43129
36078
6031
11874
62756
78301
92516
34462
64750
88182
108818
108851
50225
121269
24415
39904
37031
83484
9144
4772
72501
13712
112001
29914
96286
55596
121553
86962
5164
119537
41402
114418
14167
87754
82967
90225
55886
14988
